#0
6
A
B
B
C
C
B
9
0 1 1.0
0 2 1.0
0 3 1.0
0 4 1.0
1 2 1.0
1 3 1.0
2 4 1.0
3 4 1.0
3 5 1.0

#1
6
A
B
B
C
C
C
10
0 1 1.0
0 2 1.0
0 3 1.0
0 4 1.0
1 2 1.0
1 3 1.0
2 4 1.0
3 4 1.0
3 5 1.0
4 5 1.0

#2
6
A
B
B
C
C
B
11
0 1 1.0
0 2 1.0
0 3 1.0
0 4 1.0
1 2 1.0
1 3 1.0
1 5 1.0
2 4 1.0
2 5 1.0
3 4 1.0
3 5 1.0

#3
7
A
B
B
C
C
A
C
10
0 1 1.0
0 2 1.0
0 3 1.0
0 4 1.0
1 2 1.0
1 3 1.0
2 4 1.0
2 5 1.0
3 4 1.0
3 6 1.0

#4
6
A
B
B
C
C
C
12
0 1 1.0
0 2 1.0
0 3 1.0
0 4 1.0
1 2 1.0
1 3 1.0
1 5 1.0
2 4 1.0
2 5 1.0
3 4 1.0
3 5 1.0
4 5 1.0

#5
7
A
B
B
C
C
C
B
11
0 1 1.0
0 2 1.0
0 3 1.0
0 4 1.0
0 6 1.0
1 2 1.0
1 3 1.0
1 5 1.0
2 4 1.0
2 5 1.0
3 4 1.0

#6
6
A
B
B
C
C
A
13
0 1 1.0
0 2 1.0
0 3 1.0
0 4 1.0
0 5 1.0
1 2 1.0
1 3 1.0
1 5 1.0
2 4 1.0
2 5 1.0
3 4 1.0
3 5 1.0
4 5 1.0

#7
7
A
B
B
C
C
C
B
12
0 1 1.0
0 2 1.0
0 3 1.0
0 4 1.0
0 6 1.0
1 2 1.0
1 3 1.0
1 6 1.0
2 4 1.0
2 6 1.0
3 4 1.0
3 5 1.0

#8
8
A
B
B
C
C
A
B
C
11
0 1 1.0
0 2 1.0
0 3 1.0
0 4 1.0
1 2 1.0
1 3 1.0
1 5 1.0
2 4 1.0
3 4 1.0
3 6 1.0
3 7 1.0

#9
6
A
B
B
C
C
C
9
0 1 1.0
0 2 1.0
0 3 1.0
0 4 1.0
1 2 1.0
1 3 1.0
2 4 1.0
2 5 1.0
3 4 1.0

#10
6
A
B
B
C
C
B
10
0 1 1.0
0 2 1.0
0 3 1.0
0 4 1.0
1 2 1.0
1 3 1.0
2 4 1.0
2 5 1.0
3 4 1.0
4 5 1.0

#11
6
A
B
B
C
C
C
11
0 1 1.0
0 2 1.0
0 3 1.0
0 4 1.0
0 5 1.0
1 2 1.0
1 3 1.0
1 5 1.0
2 4 1.0
2 5 1.0
3 4 1.0

#12
7
A
B
B
C
C
A
A
10
0 1 1.0
0 2 1.0
0 3 1.0
0 4 1.0
1 2 1.0
1 3 1.0
1 6 1.0
2 4 1.0
2 5 1.0
3 4 1.0

#13
6
A
B
B
C
C
A
12
0 1 1.0
0 2 1.0
0 3 1.0
0 4 1.0
0 5 1.0
1 2 1.0
1 3 1.0
1 5 1.0
2 4 1.0
2 5 1.0
3 4 1.0
3 5 1.0

#14
7
A
B
B
C
C
B
C
11
0 1 1.0
0 2 1.0
0 3 1.0
0 4 1.0
1 2 1.0
1 3 1.0
1 5 1.0
2 4 1.0
3 4 1.0
4 5 1.0
4 6 1.0

#15
6
A
B
B
C
C
C
13
0 1 1.0
0 2 1.0
0 3 1.0
0 4 1.0
0 5 1.0
1 2 1.0
1 3 1.0
1 5 1.0
2 4 1.0
2 5 1.0
3 4 1.0
3 5 1.0
4 5 1.0

#16
7
A
B
B
C
C
A
A
12
0 1 1.0
0 2 1.0
0 3 1.0
0 4 1.0
0 5 1.0
0 6 1.0
1 2 1.0
1 3 1.0
2 4 1.0
2 6 1.0
3 4 1.0
4 6 1.0

#17
8
A
B
B
C
C
A
C
B
11
0 1 1.0
0 2 1.0
0 3 1.0
0 4 1.0
1 2 1.0
1 3 1.0
1 5 1.0
1 6 1.0
2 4 1.0
3 4 1.0
4 7 1.0

#18
6
A
B
B
C
C
A
9
0 1 1.0
0 2 1.0
0 3 1.0
0 4 1.0
1 2 1.0
1 3 1.0
2 4 1.0
2 5 1.0
3 4 1.0

#19
6
A
B
B
C
C
C
10
0 1 1.0
0 2 1.0
0 3 1.0
0 4 1.0
1 2 1.0
1 3 1.0
1 5 1.0
2 4 1.0
3 4 1.0
3 5 1.0

#20
6
A
B
B
C
C
C
11
0 1 1.0
0 2 1.0
0 3 1.0
0 4 1.0
1 2 1.0
1 3 1.0
1 5 1.0
2 4 1.0
2 5 1.0
3 4 1.0
4 5 1.0

#21
7
A
B
B
C
C
B
A
10
0 1 1.0
0 2 1.0
0 3 1.0
0 4 1.0
1 2 1.0
1 3 1.0
2 4 1.0
3 4 1.0
3 5 1.0
4 6 1.0

#22
6
A
B
B
C
C
C
12
0 1 1.0
0 2 1.0
0 3 1.0
0 4 1.0
0 5 1.0
1 2 1.0
1 3 1.0
2 4 1.0
2 5 1.0
3 4 1.0
3 5 1.0
4 5 1.0

#23
7
A
B
B
C
C
C
A
11
0 1 1.0
0 2 1.0
0 3 1.0
0 4 1.0
0 6 1.0
1 2 1.0
1 3 1.0
2 4 1.0
2 5 1.0
2 6 1.0
3 4 1.0

#24
6
A
B
B
C
C
B
13
0 1 1.0
0 2 1.0
0 3 1.0
0 4 1.0
0 5 1.0
1 2 1.0
1 3 1.0
1 5 1.0
2 4 1.0
2 5 1.0
3 4 1.0
3 5 1.0
4 5 1.0

#25
7
A
B
B
C
C
C
B
12
0 1 1.0
0 2 1.0
0 3 1.0
0 4 1.0
0 6 1.0
1 2 1.0
1 3 1.0
1 5 1.0
2 4 1.0
3 4 1.0
3 5 1.0
3 6 1.0

#26
8
A
B
B
C
C
C
B
B
11
0 1 1.0
0 2 1.0
0 3 1.0
0 4 1.0
0 6 1.0
1 2 1.0
1 3 1.0
2 4 1.0
3 4 1.0
4 5 1.0
4 7 1.0

#27
6
A
B
B
C
C
C
9
0 1 1.0
0 2 1.0
0 3 1.0
0 4 1.0
1 2 1.0
1 3 1.0
1 5 1.0
2 4 1.0
3 4 1.0

#28
6
A
B
B
C
C
B
10
0 1 1.0
0 2 1.0
0 3 1.0
0 4 1.0
1 2 1.0
1 3 1.0
2 4 1.0
2 5 1.0
3 4 1.0
3 5 1.0

#29
6
A
B
B
C
C
C
11
0 1 1.0
0 2 1.0
0 3 1.0
0 4 1.0
1 2 1.0
1 3 1.0
2 4 1.0
2 5 1.0
3 4 1.0
3 5 1.0
4 5 1.0

#30
7
A
B
B
C
C
C
C
10
0 1 1.0
0 2 1.0
0 3 1.0
0 4 1.0
1 2 1.0
1 3 1.0
1 5 1.0
2 4 1.0
3 4 1.0
3 6 1.0

#31
6
A
B
B
C
C
A
12
0 1 1.0
0 2 1.0
0 3 1.0
0 4 1.0
0 5 1.0
1 2 1.0
1 3 1.0
2 4 1.0
2 5 1.0
3 4 1.0
3 5 1.0
4 5 1.0

#32
7
A
B
B
C
C
C
A
11
0 1 1.0
0 2 1.0
0 3 1.0
0 4 1.0
1 2 1.0
1 3 1.0
2 4 1.0
2 6 1.0
3 4 1.0
3 5 1.0
4 6 1.0

#33
6
A
B
B
C
C
C
13
0 1 1.0
0 2 1.0
0 3 1.0
0 4 1.0
0 5 1.0
1 2 1.0
1 3 1.0
1 5 1.0
2 4 1.0
2 5 1.0
3 4 1.0
3 5 1.0
4 5 1.0

#34
7
A
B
B
C
C
A
B
12
0 1 1.0
0 2 1.0
0 3 1.0
0 4 1.0
0 6 1.0
1 2 1.0
1 3 1.0
2 4 1.0
2 5 1.0
2 6 1.0
3 4 1.0
3 5 1.0

#35
8
A
B
B
C
C
A
B
A
11
0 1 1.0
0 2 1.0
0 3 1.0
0 4 1.0
0 5 1.0
1 2 1.0
1 3 1.0
1 6 1.0
1 7 1.0
2 4 1.0
3 4 1.0

#36
6
A
B
B
C
C
B
9
0 1 1.0
0 2 1.0
0 3 1.0
0 4 1.0
0 5 1.0
1 2 1.0
1 3 1.0
2 4 1.0
3 4 1.0

#37
6
A
B
B
C
C
B
10
0 1 1.0
0 2 1.0
0 3 1.0
0 4 1.0
1 2 1.0
1 3 1.0
2 4 1.0
2 5 1.0
3 4 1.0
4 5 1.0

#38
6
A
B
B
C
C
B
11
0 1 1.0
0 2 1.0
0 3 1.0
0 4 1.0
0 5 1.0
1 2 1.0
1 3 1.0
2 4 1.0
3 4 1.0
3 5 1.0
4 5 1.0

#39
7
A
B
B
C
C
A
A
10
0 1 1.0
0 2 1.0
0 3 1.0
0 4 1.0
0 6 1.0
1 2 1.0
1 3 1.0
2 4 1.0
2 5 1.0
3 4 1.0

#40
6
A
B
B
C
C
C
12
0 1 1.0
0 2 1.0
0 3 1.0
0 4 1.0
1 2 1.0
1 3 1.0
1 5 1.0
2 4 1.0
2 5 1.0
3 4 1.0
3 5 1.0
4 5 1.0

#41
7
A
B
B
C
C
A
C
11
0 1 1.0
0 2 1.0
0 3 1.0
0 4 1.0
0 6 1.0
1 2 1.0
1 3 1.0
2 4 1.0
2 5 1.0
2 6 1.0
3 4 1.0

#42
6
A
B
B
C
C
B
13
0 1 1.0
0 2 1.0
0 3 1.0
0 4 1.0
0 5 1.0
1 2 1.0
1 3 1.0
1 5 1.0
2 4 1.0
2 5 1.0
3 4 1.0
3 5 1.0
4 5 1.0

#43
7
A
B
B
C
C
B
A
12
0 1 1.0
0 2 1.0
0 3 1.0
0 4 1.0
0 6 1.0
1 2 1.0
1 3 1.0
2 4 1.0
2 5 1.0
3 4 1.0
3 5 1.0
4 5 1.0

#44
8
A
B
B
C
C
A
B
A
11
0 1 1.0
0 2 1.0
0 3 1.0
0 4 1.0
1 2 1.0
1 3 1.0
2 4 1.0
3 4 1.0
3 5 1.0
3 6 1.0
3 7 1.0
