#10000
30
B
A
A
B
C
A
A
C
B
A
A
A
B
C
A
A
C
C
C
C
B
C
C
B
B
A
B
B
C
C
86
0 9 1.0
0 10 1.0
0 12 1.0
1 3 1.0
1 20 1.0
1 13 1.0
1 15 1.0
2 24 1.0
2 19 1.0
2 20 1.0
2 21 1.0
3 5 1.0
3 6 1.0
3 10 1.0
3 12 1.0
3 19 1.0
3 21 1.0
3 23 1.0
4 20 1.0
4 12 1.0
4 6 1.0
5 17 1.0
5 18 1.0
5 25 1.0
5 23 1.0
6 8 1.0
6 10 1.0
6 14 1.0
6 18 1.0
6 20 1.0
6 21 1.0
6 22 1.0
7 10 1.0
7 26 1.0
7 22 1.0
8 17 1.0
8 18 1.0
8 22 1.0
9 10 1.0
9 13 1.0
9 15 1.0
9 16 1.0
9 17 1.0
9 19 1.0
9 25 1.0
9 26 1.0
9 29 1.0
10 17 1.0
10 19 1.0
10 22 1.0
11 16 1.0
11 17 1.0
11 20 1.0
11 13 1.0
11 21 1.0
12 15 1.0
12 16 1.0
12 18 1.0
12 22 1.0
12 23 1.0
12 27 1.0
14 17 1.0
14 19 1.0
14 20 1.0
14 22 1.0
14 29 1.0
15 20 1.0
15 23 1.0
15 29 1.0
16 18 1.0
16 23 1.0
16 29 1.0
17 20 1.0
17 21 1.0
17 23 1.0
18 20 1.0
18 22 1.0
18 27 1.0
18 28 1.0
19 24 1.0
20 29 1.0
23 25 1.0
24 25 1.0
25 29 1.0
27 28 1.0
27 29 1.0
