#10000
30
B
C
B
A
B
C
B
C
A
C
B
B
B
C
B
A
C
C
A
B
C
C
C
B
A
C
A
A
C
A
171
0 1 1.0
0 5 1.0
0 6 1.0
0 8 1.0
0 12 1.0
0 14 1.0
0 16 1.0
0 17 1.0
0 21 1.0
0 24 1.0
0 25 1.0
0 28 1.0
1 2 1.0
1 4 1.0
1 6 1.0
1 8 1.0
1 10 1.0
1 12 1.0
1 15 1.0
1 16 1.0
1 18 1.0
1 19 1.0
1 21 1.0
1 24 1.0
1 25 1.0
1 26 1.0
1 28 1.0
1 29 1.0
2 4 1.0
2 6 1.0
2 10 1.0
2 13 1.0
2 19 1.0
2 20 1.0
2 23 1.0
2 25 1.0
2 27 1.0
2 28 1.0
3 5 1.0
3 7 1.0
3 9 1.0
3 10 1.0
3 13 1.0
3 15 1.0
3 16 1.0
3 18 1.0
3 24 1.0
3 25 1.0
3 26 1.0
3 27 1.0
3 28 1.0
4 5 1.0
4 7 1.0
4 10 1.0
4 11 1.0
4 14 1.0
4 16 1.0
4 17 1.0
4 20 1.0
4 24 1.0
4 26 1.0
5 10 1.0
5 13 1.0
5 16 1.0
5 18 1.0
5 19 1.0
5 21 1.0
5 22 1.0
5 23 1.0
5 25 1.0
5 26 1.0
6 8 1.0
6 9 1.0
6 12 1.0
6 13 1.0
6 19 1.0
6 20 1.0
6 22 1.0
6 27 1.0
6 28 1.0
7 9 1.0
7 10 1.0
7 15 1.0
7 16 1.0
7 20 1.0
7 27 1.0
7 28 1.0
8 10 1.0
8 11 1.0
8 12 1.0
8 16 1.0
8 21 1.0
8 23 1.0
8 24 1.0
8 25 1.0
8 26 1.0
8 29 1.0
9 10 1.0
9 12 1.0
9 13 1.0
9 15 1.0
9 17 1.0
9 19 1.0
9 26 1.0
10 17 1.0
10 20 1.0
10 24 1.0
10 29 1.0
11 13 1.0
11 14 1.0
11 18 1.0
11 20 1.0
11 21 1.0
11 22 1.0
11 27 1.0
11 28 1.0
12 15 1.0
12 16 1.0
12 17 1.0
12 18 1.0
12 20 1.0
12 27 1.0
12 29 1.0
13 17 1.0
13 18 1.0
13 19 1.0
13 21 1.0
13 22 1.0
13 24 1.0
13 27 1.0
13 28 1.0
14 17 1.0
14 18 1.0
15 21 1.0
15 22 1.0
15 23 1.0
15 26 1.0
15 29 1.0
16 17 1.0
16 22 1.0
16 25 1.0
16 26 1.0
17 19 1.0
17 21 1.0
17 23 1.0
17 28 1.0
17 29 1.0
18 22 1.0
18 25 1.0
19 21 1.0
19 22 1.0
19 23 1.0
19 25 1.0
19 27 1.0
20 21 1.0
20 22 1.0
20 24 1.0
20 28 1.0
21 23 1.0
21 29 1.0
22 27 1.0
23 25 1.0
23 27 1.0
23 28 1.0
23 29 1.0
24 27 1.0
24 29 1.0
25 27 1.0
25 29 1.0
26 28 1.0
27 28 1.0
